%YAML:1.0
cameraMatrix: !!opencv-matrix
   rows: 3
   cols: 3
   dt: d
   data: [ 1.0471934300652656e+03, 0., 9.5068225466042406e+02, 0.,
       1.0486351642147131e+03, 5.1470279887569870e+02, 0., 0., 1. ]
distortionCoefficients: !!opencv-matrix
   rows: 1
   cols: 5
   dt: d
   data: [ 2.8902747947670018e-02, -2.6164144730126095e-02,
       -1.8670831716483205e-04, -8.5168082717495370e-04,
       -5.5957486302485714e-03 ]
rotation: !!opencv-matrix
   rows: 3
   cols: 3
   dt: d
   data: [ 1., 0., 0., 0., 1., 0., 0., 0., 1. ]
projection: !!opencv-matrix
   rows: 4
   cols: 4
   dt: d
   data: [ 1.0471934300652656e+03, 0., 9.5068225466042406e+02, 0., 0.,
       1.0486351642147131e+03, 5.1470279887569870e+02, 0., 0., 0., 1.,
       0., 0., 0., 0., 1. ]
