%YAML:1.0
rotation: !!opencv-matrix
   rows: 3
   cols: 3
   dt: d
   data: [ 9.9999826989731266e-01, 1.6671488024982296e-03,
       8.2511650797080971e-04, -1.6695547951689448e-03,
       9.9999433169618912e-01, 2.9238950524771864e-03,
       -8.2023726282436538e-04, -2.9252675710609625e-03,
       9.9999538499958607e-01 ]
translation: !!opencv-matrix
   rows: 3
   cols: 1
   dt: d
   data: [ -5.1451484586117285e-02, -2.9120348585456217e-04,
       1.9608515546510677e-03 ]
essential: !!opencv-matrix
   rows: 3
   cols: 3
   dt: d
   data: [ 3.5126050658444301e-06, -1.9599885918349775e-03,
       -2.9693546610964086e-04, 1.9186457372913565e-03,
       -1.4724032802149856e-04, 5.1452865068482047e-02,
       3.7710405485194190e-04, -5.1450707463928401e-02,
       -1.5019846442059732e-04 ]
fundamental: !!opencv-matrix
   rows: 3
   cols: 3
   dt: d
   data: [ 2.2584182969601626e-09, -1.2593213134284624e-06,
       1.9581746486985183e-04, 1.2318911786811885e-06,
       -9.4473994488825659e-08, 1.1684636468538656e-02,
       -3.8230460068394934e-04, -3.3372103444986881e-02, 1. ]
