%YAML:1.0
cameraMatrix: !!opencv-matrix
   rows: 3
   cols: 3
   dt: d
   data: [ 3.6242416313901350e+02, 0., 2.5028353417742116e+02, 0.,
       3.6266796465835387e+02, 2.1088696831191135e+02, 0., 0., 1. ]
distortionCoefficients: !!opencv-matrix
   rows: 1
   cols: 5
   dt: d
   data: [ 9.2773454573590125e-02, -2.6782730370089547e-01,
       2.7658711892544161e-04, -4.2727299946574191e-04,
       9.6384138966091881e-02 ]
rotation: !!opencv-matrix
   rows: 3
   cols: 3
   dt: d
   data: [ 1., 0., 0., 0., 1., 0., 0., 0., 1. ]
projection: !!opencv-matrix
   rows: 4
   cols: 4
   dt: d
   data: [ 3.6242416313901350e+02, 0., 2.5028353417742116e+02, 0., 0.,
       3.6266796465835387e+02, 2.1088696831191135e+02, 0., 0., 0., 1.,
       0., 0., 0., 0., 1. ]
