%YAML:1.0
depthShift: -2.9474159541059038e+01
